title: A flat on Rattray Street
lat: -45.8757877
lng: 170.4996637
