title: Buller Street
lat: -45.88207490852411
lng: 170.5064605233047
