title: Dunedin Town Hall
lat: -45.8728866
lng: 170.5028686
