title: Hanover Hall
lat: -45.8701387
lng: 170.5068622
date: 2018-11-02T00:00:00.000Z
