title: 'Jutland Street'
lat: -45.873904618793006
lng: 170.5165132193262
died: 2020-12-25T00:00:00.000Z
date: 2016-01-01T00:00:00.000Z
