title: 'Jutland Street'
lat: -45.873904618793006
lng: 170.5165132193262
died: 2020
