title: Lodge Māori
lat: -45.8658565
lng: 170.5557258
