title: Port Chalmers Town Hall
lat: -45.8153535
lng: 170.6226075
