title: Te Whare o Rukutia
lat: -45.8747961
lng: 170.5028864
description: 'Previously at this location: Dunedin Community Gallery'
date: 2021-10-01T00:00:00.000Z
