title: Vogel Street
lat: -45.87990426220801
lng: 170.50305277687434
