title: Whakamana Cannabis Museum
lat: -45.876993
lng: 170.5018161
died: 2019
