title: Whakamana Cannabis Museum
lat: -45.876993
lng: 170.5018161
died: 2019
date: 2018-01-01T00:00:00.000Z
