title: Wharf Hotel
lat: -45.8787079
lng: 170.5068374
