title: Wharf Hotel
lat: -45.8787079
lng: 170.5068374
died: 2022-01-01T00:00:00.000Z
