title: XYZ
lat: -45.87591880076219
lng: 170.50235129206857
