title: XYZ
lat: -45.87591880076219
lng: 170.50235129206857
date: 2020-01-01T00:00:00.000Z
