title: YYY
lat: -45.880380
lng: 170.500440
died: 2019-06-25T00:00:00.000Z
date: 2016-01-01T00:00:00.000Z
