title: YYY
lat: -45.880380
lng: 170.500440
died: 2019
